19.3083
19.2942
19.5491
19.5107
19.4877
19.3219
19.1614
19.2485
19.2276
19.6031
19.4036
19.1366
19.1629
19.1499
19.2259
19.2747
19.1985
19.2538
19.4072
19.4699
19.5932
19.4621
19.4402
19.4872
19.2104
19.2302
19.4755
19.461
19.4642
19.3832
19.4564
19.529
19.2086
19.1242
19.1034
19.3001
19.2317
19.2953
19.2806
19.3312
19.478
19.5037
19.4054
19.4456
19.4967
19.2945
19.4484
19.6105
19.572
20.4786
20.7378
20.4316
20.2553
20.4186
20.5264
20.6823
20.4772
20.3547
20.4666
20.4498
20.5305
20.5488
20.6124
20.1719
20.2874
20.2508
20.5121
20.5734
20.5827
20.5658
20.5675
20.6859
20.4667
20.6905
20.5915
20.3159
20.4768
20.6894
20.9101
20.7939
20.6518
20.5498
20.5315
20.6163
20.5605
20.3665
20.4253
20.449
20.6746
20.5286
20.6814
20.7125
20.6858
20.3616
20.2948
20.4515
20.5378
20.3411
20.1566
20.4368
20.3303
20.4952
20.5385
20.5177
20.4565
18.1455
18.1419
17.8081
17.9342
17.5412
17.9341
17.6731
17.6468
17.5272
17.5151
17.7694
17.7774
17.7002
17.5869
17.697
17.513
17.7958
17.6469
17.6432
17.5939
17.7728
17.737
17.398
17.8443
17.7545
17.7219
17.7615
17.7474
17.7292
17.7209
17.9289
17.5618
17.4973
17.7354
17.6252
17.565
17.6287
17.5467
17.6648
17.6917
17.6405
17.7708
17.7067
17.7046
17.9685
17.4392
17.4816
17.6642
17.5876
18.0086
17.8092
17.5166
17.6897
17.8848
17.7912
17.59
17.7713
17.673
17.7924
17.8752
18.2676
17.7481
17.6718
17.6377
17.5474
17.7432
17.8483
17.7992
17.4247
17.5284
17.2773
17.2516
17.5948
17.3655
17.6273
17.6665
17.5636
17.3316
17.3981
17.5662
17.3804
17.5416
17.5104
17.1122
17.7066
17.2838
17.5007
17.5484
17.4806
17.2597
17.7721
17.5399
17.7264
17.4589
17.3901
17.5588
17.4927
17.8397
17.4247
17.6041
17.5898
17.7777
17.6609
17.5872
17.4628
17.3059
17.5559
18.0229
17.6735
19.1764
19.7333
19.6052
19.6362
19.7788
19.554
19.4909
19.6574
19.7632
19.7169
19.8021
19.7228
19.5682
19.5653
19.456
19.7542
19.8529
19.7907
19.7099
19.7781
19.5976
19.5561
19.653
19.8059
19.7177
19.3422
19.863
19.6932
19.675
19.513
19.7142
19.8593
19.6504
19.7328
19.9435
19.5646
19.6044
19.581
19.7093
19.4011
19.722
19.8101
19.4947
19.722
19.6021
19.4195
19.5001
19.7747
19.4051
19.4145
19.2709
19.4921
19.6835
19.4639
19.7297
19.8709
19.5281
20.308
20.3904
20.3136
20.2485
20.1667
20.0458
20.3028
20.381
20.1832
20.4177
20.1903
20.121
19.9453
20.1652
20.145
20.21
20.1348
20.1865
20.4289
20.4208
20.4637
20.1541
20.1328
20.0712
20.1905
20.3967
20.653
20.1905
20.5577
20.4282
20.488
20.0214
20.4363
20.3172
20.2395
20.4852
20.2542
20.4755
20.2671
20.323
20.3918
20.215
20.0682
20.1984
20.2584
22.8401
23.5326
23.5661
23.7327
23.805
23.4203
23.6131
23.7098
23.8139
23.8065
23.473
23.5555
23.6677
23.5465
23.2531
23.4781
23.5105
23.5279
23.7473
23.7684
23.7792
23.4846
23.4614
23.7243
23.6179
23.532
23.6829
23.7729
23.5253
23.5814
23.6018
23.456
23.4416
23.5445
23.6913
23.4137
23.6211
23.6074
23.7375
23.8362
23.9277
23.5516
23.6543
23.5584
23.6268
24.0506
23.7763
23.8511
23.6988
23.5587
23.4862
23.4449
23.2527
23.4221
23.5945
23.3903
23.5692
23.9308
23.6961
23.6455
23.5862
22.767
22.6524
22.5128
22.4089
22.0774
22.2241
22.2426
22.0839
22.1397
22.1178
21.9797
22.2111
21.8726
22.1418
21.9445
22.0784
22.2675
21.8193
21.9654
22.3642
21.9986
22.0874
22.2316
22.2765
22.4245
22.3135
21.9657
22.1885
22.2907
21.9919
22.1607
22.1148
22.5253
22.3163
22.1693
22.1458
21.9861
22.1712
22.1972
22.3814
22.0131
22.1544
22.28
22.1757
21.8865
21.836
21.4187
21.674
21.5408
21.2801
21.4682
21.4849
21.5944
21.2926
21.7305
21.8519
21.5788
21.692
21.7259
21.841
21.5387
21.143
21.7088
21.7581
21.7356
21.6639
21.3314
21.5997
21.6036
21.3924
21.4532
21.4425
21.68
21.8684
21.3388
21.2648
21.135
21.6243
21.5402
21.7898
21.735
21.4678
21.4927
21.6704
21.4156
21.4049
21.4468
21.4702
21.6479
21.6738
21.3383
21.4609
21.1564
21.3314
21.5524
21.9134
21.7137
21.5005
21.5247
21.7466
21.5544
21.3424
21.4426
22.643
23.3409
22.9564
22.9981
23.3194
23.2461
23.3034
23.0572
22.8994
22.9181
23.1514
23.2026
23.0716
22.9682
22.9957
22.961
23.0549
22.9715
22.9466
23.0977
23.0015
22.9607
23.1708
23.0632
23.0994
23.0927
23.1062
23.1758
23.358
23.0197
23.0751
23.0947
23.4425
22.7198
23.1211
22.9933
23.2093
23.3037
23.2792
23.3224
23.0617
23.132
23.1621
23.2355
23.2017
23.1165
23.7449
23.6967
23.7723
23.6604
23.531
23.8319
23.7352
23.7255
23.7511
23.8619
23.5464
23.7245
23.7517
23.4878
23.5125
23.2873
23.4937
23.8091
23.8623
23.7643
23.8116
23.5311
23.6811
23.6934
23.5831
23.7453
23.3729
23.9593
23.7002
23.5712
23.8559
23.6628
23.7849
23.6303
23.4586
23.6365
23.7252
23.5931
23.324
23.5238
23.6038
23.675
23.6397
23.3493
23.7969
23.8711
23.8251
23.5292
23.7472
23.7616
23.8225
23.6362
23.7637
23.6515
23.6838
24.0679
23.5729
23.6769
23.6399
23.7034
23.6291
21.4431
21.041
20.6823
20.683
20.6961
20.8865
20.9032
20.6759
21.2132
20.9725
20.6351
20.8
20.8184
21.0255
20.782
20.8506
20.7169
20.6335
20.8201
20.9783
20.7933
20.5877
20.7938
20.6986
20.9397
20.7293
20.7087
20.7749
21.0117
21.0656
21.1861
21.0232
20.5193
20.6833
20.9847
20.8356
20.7343
20.6098
20.6959
20.8476
20.7369
20.8593
20.7858
21.1567
20.9971
20.8752
20.9154
20.8071
20.7926
20.986
20.6708
20.862
21.0341
20.7855
20.9357
21.1014
19.8495
19.5218
19.5684
19.3077
19.2466
19.1412
19.3487
19.3129
19.2948
19.458
19.454
19.3327
19.0283
19.3294
19.3562
19.5206
19.4547
19.3529
19.3695
19.1723
19.3193
19.32
19.3231
19.296
19.5481
19.2348
19.2526
19.575
19.2661
19.6598
19.3228
19.4256
19.1432
19.3031
19.4707
19.2025
19.1714
19.3143
19.2657
19.4304
19.6925
19.4335
18.9607
19.2593
19.2943
19.232
19.3658
18.9105
19.4145
19.3809
19.3317
19.3157
19.4248
19.2498
19.7623
19.4713
19.4364
19.0603
19.4222
19.2151
20.4968
20.256
20.5787
20.361
20.3212
20.5278
20.7182
20.5098
20.4228
20.5681
20.4415
20.4606
20.3832
20.5895
20.5801
20.7467
20.5752
20.8243
20.6151
20.3672
20.5766
20.4235
20.4614
20.5305
20.3378
20.64
20.4775
20.3113
20.6899
20.3696
20.5175
20.4598
20.5634
20.6687
20.5328
20.4377
20.482
20.4225
20.7959
20.6572
20.5887
20.3704
20.5792
20.3731
20.322
20.3373
20.5713
20.6078
20.3794
20.5645
20.6534
20.6935
20.331
20.4419
20.555
20.3445
20.4951
20.5071
20.4142
20.4929
18.0052
17.4501
17.5972
17.5666
17.6361
17.542
17.2623
17.4822
17.5249
17.3711
17.3859
17.7715
17.5781
17.538
17.6004
17.5499
17.8015
17.5209
17.7067
17.4115
17.7031
17.6639
17.9389
17.8892
17.6187
17.8795
17.5835
17.6556
17.5554
17.5589
17.6194
17.6236
17.5977
17.6416
17.318
17.3358
17.6694
17.6704
17.704
17.627
17.3037
17.5809
17.6972
17.5112
17.5076
17.7854
17.3049
17.7814
17.7526
17.6818
17.7802
17.7887
18.0642
17.6965
17.6481
17.6989
17.5225
17.6681
17.5466
17.4376
17.807
17.679
17.5764
17.5196
21.4176
21.8475
22.267
21.9743
22.0788
22.1645
22.0058
22.0582
22.1242
22.043
22.1558
21.9166
21.9343
22.2713
21.954
22.1565
22.1013
22.2855
22.1081
21.8626
21.8537
22.0102
21.8378
21.9837
21.8944
22.1049
21.9344
22.258
22.1363
22.0701
22.2157
22.2832
22.2874
22.3219
22.0676
22.1675
22.178
21.9721
22.0516
22.1368
22.2371
22.2762
22.0561
22.054
22.0398
22.0177
22.08
22.0877
22.1045
21.9472
22.0148
22.1356
22.3485
22.2041
22.0203
22.2855
22.272
22.3858
22.0923
20.0158
19.7254
19.5447
19.4327
19.4601
19.3005
19.2085
19.1527
19.3243
19.5002
19.537
19.384
19.5113
19.5215
19.2358
19.2231
19.4659
19.5958
19.312
19.2157
19.5301
19.3616
19.3261
19.1951
19.3852
19.5725
19.568
19.2925
19.5137
19.5363
19.2319
19.3118
19.4424
19.3464
19.4218
19.518
19.5069
19.2568
19.626
19.2276
19.371
19.4248
19.6325
19.4445
19.6088
19.557
19.5766
19.5789
19.5984
19.5427
19.1506
19.2037
19.0328
19.5533
19.5041
19.5585
19.3925
19.5413
19.6209
19.4255
19.4499
19.4015
17.9738
17.6736
17.8109
17.4505
17.8365
17.9565
17.9336
17.621
17.8646
17.9208
17.9127
17.7854
17.7415
17.7043
17.6604
17.3491
17.8108
17.7911
17.7618
17.8263
17.7312
17.7189
17.6746
17.6662
17.8565
17.5937
17.8973
17.8379
18.2145
17.9839
17.8496
17.9735
17.5854
17.788
17.7091
17.843
17.8038
17.9428
17.6992
17.5384
17.8343
17.9476
17.9966
17.7779
17.7743
17.6851
17.8215
17.8129
18.1536
17.8927
17.6608
17.5787
17.8864
17.8375
17.5261
17.5417
17.7485
17.8874
17.8178
17.7508
18.0966
18.1811
18.2511
18.16
18.142
18.1713
18.3582
18.2588
18.2609
18.1354
18.2058
18.0626
18.0678
17.8762
18.3478
18.067
18.1794
18.2504
18.1438
17.9727
18.1259
18.4551
17.9404
17.8433
18.0183
17.8308
17.9335
18.0471
18.1835
18.2261
18.0318
18.0252
18.2679
18.149
17.9166
17.8925
17.9721
18.0507
18.1071
18.4781
18.2069
17.8402
18.1704
17.8564
17.9465
18.1775
18.0028
21.4957
22.6727
23.0858
23.3268
23.1822
23.0648
23.0608
23.0751
23.1371
22.9202
22.7165
22.8512
23.1813
22.8545
22.8991
23.019
23.2934
23.266
23.1442
23.0481
23.0234
23.0967
23.2601
23.0589
23.0072
23.0093
22.997
22.878
22.9036
23.05
23.1198
23.0253
23.1266
22.8535
23.2276
22.9788
23.2957
23.0756
23.2653
22.9944
23.0784
22.8037
23.2397
23.3048
23.3318
23.3167
22.8705
22.797
23.1004
20.27
19.8938
19.6513
19.3307
19.3652
19.5767
19.3898
19.6899
19.5563
19.2795
19.5412
19.757
19.6197
19.4993
19.5615
19.5332
19.3484
19.4212
19.5714
19.6289
19.427
19.4114
19.506
19.5908
19.3756
19.4514
19.4812
19.5733
19.2717
19.2376
19.1464
19.2532
19.499
19.3006
19.5242
19.3913
19.4723
19.4875
19.3906
19.3072
19.3172
19.3624
19.1787
19.2754
19.3714
19.2845
19.4366
19.1521
19.4037
19.6852
19.5024
19.4123
19.2703
19.4787
19.2932
19.3275
19.2094
19.6173
20.0583
20.2587
20.1603
20.0716
20.0653
20.2457
20.3238
20.2753
20.1155
20.0721
19.846
19.8734
20.1119
20.3023
20.1005
20.3368
20.1956
19.843
19.9618
19.9719
20.1179
20.2006
20.1402
20.1573
19.9975
20.155
20.202
20.3222
20.0247
19.9032
20.3872
20.2554
20.0732
20.2327
20.009
19.8657
20.0134
20.054
20.3248
20.0848
20.0355
20.2843
20.0597
20.3141
20.3739
20.2603
20.3065
20.3731
20.1352
20.0678
20.3754
19.9027
20.336
20.1145
20.3773
20.0934
20.0218
21.3677
21.7245
21.8521
21.7659
21.8994
22.1294
21.768
21.9047
22.0031
21.8439
21.8195
21.5399
21.5081
21.846
21.8282
21.7739
21.8089
22.0743
21.6846
21.8203
21.6301
21.935
21.9511
21.6868
21.6566
21.8871
22.0134
21.7635
21.8712
21.8635
20.576
20.1419
20.1861
20.207
20.1778
20.249
20.4333
20.2942
20.1905
20.3187
20.0329
20.0243
19.9984
20.1705
20.0011
20.1965
20.2091
20.0397
19.7461
20.1854
20.3388
20.164
20.395
20.2254
20.0623
20.2832
20.1649
20.0649
20.2151
20.0981
20.0988
20.2874
20.4229
19.9836
20.1786
20.3769
20.0146
20.2161
20.0959
20.2416
20.0287
20.0306
20.1869
20.2988
20.0127
20.2163
20.127
20.2016
20.2438
20.383
20.3132
20.2108
20.4532
20.1555
19.873
20.0667
20.1381
19.8841
19.9672
20.1745
20.1285
20.182
20.022
20.5204
20.1067
20.3918
20.5552
20.5083
20.6962
20.5834
20.3967
20.6662
20.5877
20.3749
20.5166
20.5
20.7279
20.7078
20.5905
20.3046
20.2441
20.3175
20.2425
20.6805
20.5713
20.2801
20.4293
20.5399
20.3821
20.587
20.7931
20.5155
20.854
20.7171
20.5341
20.592
20.4629
20.5983
20.458
20.5486
20.2952
20.2346
20.7061
20.5246
20.5401
20.6849
20.6321
20.3532
20.6427
20.4457
18.5684
18.1889
17.7782
17.6719
17.693
17.7498
17.9928
17.704
17.6705
17.9094
17.8129
17.5994
17.7061
17.8498
17.9091
17.7064
17.5391
17.975
17.822
17.8488
17.7536
17.605
17.8635
17.665
17.8117
17.7491
17.7006
17.856
17.5735
17.7151
17.689
17.7664
17.9615
17.7789
17.8407
17.5918
17.5976
17.4628
17.7367
18.0107
17.7929
17.9748
17.7694
20.8967
21.6422
21.7259
21.6075
22.0514
21.9632
22.0582
22.1349
22.1026
21.8805
21.8317
21.6782
21.8563
21.5953
21.6203
21.7511
21.8294
21.534
22.1004
21.8097
21.9832
22.1371
22.0155
21.9223
21.8418
21.6043
21.8046
21.6752
21.7634
21.7738
21.8699
21.8209
22.0435
21.8966
21.7838
21.8777
21.6563
21.6432
21.5497
21.9036
21.8304
21.7857
21.9453
21.7189
21.7018
21.8362
21.801
21.9776
21.9087
21.9358
21.7479
21.696
21.6122
21.7873
21.4884
21.237
21.8127
21.5089
21.5642
21.6961
21.7491
22.0158
21.7053
21.2569
21.5067
21.5933
21.5771
21.5862
21.2087
21.57
21.6915
21.7157
21.6638
21.8069
21.7038
21.3897
21.1405
21.3098
21.4668
21.3207
21.3289
21.3151
21.514
21.5489
21.4663
21.5008
21.7984
21.7608
21.8063
21.4914
21.7677
21.6129
21.7314
21.7431
21.6396
21.6058
21.641
21.9809
21.723
21.4207
18.5373
17.794
17.7347
17.6615
17.7262
17.8775
17.7167
17.7343
17.5569
17.9588
17.7879
17.6413
17.4531
17.9079
17.8708
17.78
17.7298
17.7698
17.7657
17.8313
17.4433
17.9023
17.9765
18.0449
17.7514
17.6058
17.6347
17.88
17.8216
17.9094
17.729
17.858
17.6922
17.6829
17.8432
17.9552
17.7092
18.0223
17.8521
19.9955
20.229
20.6305
20.6332
20.2984
20.4989
20.3292
20.5963
20.1303
20.6145
20.3722
20.7096
20.3876
20.7362
20.6637
20.4216
20.4977
20.5269
20.6999
20.8193
20.5473
20.3306
20.5595
20.5702
20.445
20.2971
20.5452
20.6094
20.531
20.502
21.6678
21.6461
21.3361
21.1907
21.2718
21.3999
21.5144
21.8144
21.5665
21.4729
21.3539
21.5673
21.5131
21.5595
21.8005
21.7904
21.7092
21.7234
21.4577
21.892
21.5682
21.6801
21.5826
21.6465
21.3683
21.3623
21.7657
21.5507
21.4412
21.5763
21.6504
21.3168
21.6843
21.4022
21.7903
21.761
21.7286
21.5122
21.7649
21.4205
21.5549
21.7725
21.155
21.6772
21.7165
21.5801
21.6005
21.3376
21.5478
21.646
20.0305
19.5057
19.2376
19.2427
19.3179
19.4074
19.5227
19.4754
19.3629
19.1448
19.2578
19.4623
19.3235
19.3957
19.2187
19.2851
19.2905
19.505
19.1699
19.4985
19.2377
19.123
19.2332
19.4202
19.4358
19.458
19.2073
18.8584
19.1664
19.2515
19.2361
19.0852
19.4021
19.5935
19.5146
19.1594
19.1956
19.4932
19.5009
19.372
19.3758
19.5816
19.4642
19.3644
18.8505
19.2666
19.455
19.3215
19.6054
19.7732
19.6748
19.5685
19.2766
19.1366
19.5513
19.3306
19.3964
19.6061
19.3933
19.4846
19.1654
19.2209
19.1048
19.2513
19.5172
19.3932
19.467
19.6325
19.3758
19.5403
19.1513
19.4928
19.4752
19.325
19.2644
19.6387
19.3808
19.4254
19.3958
19.2771
19.5443
19.3169
19.4121
19.2119
19.1425
19.322
19.4278
19.425
19.2718
19.7564
19.1315
19.4277
19.5308
19.2008
18.0173
17.667
17.9383
17.8137
17.5437
17.3727
17.6111
17.4947
17.6256
17.442
17.0549
17.7498
17.2359
17.3916
17.3712
17.2192
17.4133
17.5369
17.3111
17.8102
17.4577
17.7931
17.4052
17.6529
17.3731
17.4925
17.6026
17.4498
17.3648
17.748
17.6366
17.3396
17.7111
17.6613
17.3839
17.6296
17.5524
17.2849
17.8905
17.4689
17.5931
17.4075
17.5747
17.4961
17.3972
17.5754
17.5023
17.4997
17.6537
17.676
17.3668
17.3762
17.5276
17.6547
17.832
17.7454
17.7636
17.5188
17.483
17.6658
17.677
19.143
19.1842
19.5114
19.1747
19.4011
19.2707
19.7379
19.3205
19.3916
19.2919
19.1977
19.1949
19.3858
19.5229
19.3866
19.2701
19.4083
19.3297
19.1254
19.3562
19.4615
19.2387
19.2139
19.1778
19.3101
19.078
19.3606
19.2561
19.4804
19.3761
19.3406
19.0764
19.4143
19.1884
19.2801
19.1963
19.7444
19.3199
19.543
19.4152
19.586
19.2029
19.2222
19.4993
19.4381
19.6912
19.5366
19.1634
19.1986
19.2701
19.3949
19.3788
22.3616
22.964
23.0517
22.7935
23.0168
22.8696
23.2795
22.7704
23.1721
23.055
23.2376
23.2653
23.0264
23.1276
22.8156
22.9677
23.0495
22.9426
22.9693
22.8627
22.8828
23.1218
23.124
23.0561
23.4974
23.4442
23.3187
23.1607
23.2111
23.2564
22.8223
22.9737
23.312
22.7932
22.7714
23.0825
23.1561
23.3562
23.2389
20.254
19.4424
19.4492
19.2886
19.1616
19.3229
19.1682
19.1095
19.1911
19.2992
19.2153
19.2919
19.3344
19.3736
19.0517
19.4015
19.213
19.3582
19.3883
19.1645
19.0589
19.3529
19.3886
19.195
18.8841
19.2878
19.2993
19.3168
19.2761
19.2662
19.3539
19.232
19.3498
19.6365
19.3232
19.1688
19.3855
19.2308
19.2873
19.2669
19.222
19.5569
19.2343
19.4134
19.4319
19.0938
19.075
19.1256
19.264
19.4681
19.5023
19.3065
19.6018
19.4281
19.6507
19.5187
19.4259
19.4636
19.3334
19.446
19.2356
19.2526
19.2625
19.4608
19.2725
19.5644
19.4312
19.4896
19.4609
19.3934
19.2868
19.501
19.4865
19.3745
19.3984
19.4018
19.1417
19.5363
19.5264
19.4574
19.3939
19.1715
19.4381
19.4528
19.4907
19.311
19.278
19.5477
19.7348
19.472
19.2594
19.3561
19.1889
19.5562
19.4238
19.1937
19.464
19.5495
19.5425
19.4615
19.6583
19.5167
19.4699
19.5304
19.4865
19.3285
19.2803
19.4377
19.4955
19.6032
19.6274
19.4204
19.5113
19.5994
19.866
19.7291
19.5765
19.673
19.8174
19.716
19.7691
19.4239
19.4288
19.6201
19.5189
19.7132
19.3603
19.6706
19.5565
19.5692
19.7463
19.5243
19.5922
19.6069
19.3251
19.3195
19.1424
19.6545
19.6804
20.0019
19.6371
19.5109
19.5093
19.669
19.723
19.6002
19.787
19.6529
19.6041
19.617
19.5086
19.6666
19.4682
19.3914
19.6379
19.7693
19.6716
19.9494
19.4626
19.648
19.7206
19.6628
19.4046
19.6724
19.6946
19.5915
19.5469
19.8843
19.6214
19.6722
19.64
19.5505
20.8133
20.639
20.7237
20.5623
20.5179
20.8536
21.1664
21.0397
21.2232
21.1726
20.8036
20.633
20.8477
20.8179
21.2307
20.6213
20.6583
20.8274
21.2672
20.9934
20.812
20.7164
20.8153
20.6971
20.7776
20.8829
20.7091
20.5981
20.9769
20.9888
20.9069
20.7447
20.8748
20.9308
20.9257
21.0984
21.1263
20.7321
20.8872
20.9712
20.8519
21.1884
20.9338
20.8575
21.0654
20.9228
20.9697
20.9067
21.0795
20.8424
20.7615
20.6464
20.9389
21.0518
20.7832
20.8427
23.1304
23.6459
23.7361
23.7919
23.7462
23.5899
23.4418
23.3627
23.615
23.4918
23.5441
23.5629
23.7641
23.5556
23.6324
23.261
23.5749
23.7572
23.6454
23.5501
23.887
23.8262
23.6772
23.3925
23.6369
23.4761
23.7969
23.6538
23.7658
23.9179
23.7602
23.5285
23.5245
23.3504
23.6851
23.5401
23.7926
23.9724
23.7492
23.6567
23.6371
23.7787
23.5843
23.8233
23.6809
23.5227
23.6016
23.5966
23.8319
23.3555
23.447
23.5815
23.5834
23.8485
23.3335
23.3863
23.5226
22.2731
21.7686
21.5355
21.4398
21.2322
21.5605
21.4506
21.8084
21.792
21.8644
21.6878
21.7502
21.7007
21.559
21.4872
21.5056
21.6187
21.7388
21.5481
21.7301
21.5311
21.44
21.8407
21.6785
21.3665
21.1864
21.555
21.6827
21.6072
21.8847
21.5212
21.4649
21.1711
21.2404
21.5638
21.845
21.6094
21.5765
21.6228
21.2912
21.8538
21.5725
21.9502
21.6653
21.5656
21.4659
21.465
21.4352
21.484
21.3403
21.4564
21.2076
21.5853
21.5131
21.8157
21.7579
21.8774
21.7005
21.7053
21.6535
21.7479
21.3178
21.4822
21.0546
21.0509
20.6181
20.8705
21.0863
20.8115
20.8387
21.0579
20.709
21.004
20.7962
20.8316
20.9353
20.9114
20.8844
20.8919
20.9762
20.7935
20.7323
20.709
20.862
20.5705
20.7473
20.9652
20.7899
20.8218
20.8797
21.0592
20.9667
20.8955
20.8125
20.8358
20.7351
20.6943
20.7856
20.9018
21.0041
21.1021
20.6847
21.067
20.848
21.121
20.9558
20.6517
20.8519
21.13
20.8695
20.7987
20.9075
21.1342
21.0587
20.9935
20.934
20.9262
20.8042
20.8856
21.0288
20.5722
20.4986
20.4466
20.7278
21.0294
20.9922
20.8963
20.9819
20.9545
20.8691
20.8664
20.6692
21.0344
20.7448
20.8679
21.1183
20.8921
20.9489
20.9626
20.9324
20.7966
21.0431
20.7466
21.0597
21.2216
21.0846
20.9922
20.7661
20.9974
21.1155
21.0887
20.9019
20.8494
20.8877
21.1517
21.1261
20.9219
21.0186
20.7268
20.8698
20.6837
20.7756
21.0563
20.5249
20.6717
20.8003
21.1344
20.9272
20.8574
20.9094
21.0554
20.966
20.6901
20.6877
20.6553
20.7328
20.6471
20.6438
20.8089
20.6215
20.4928
20.7634
20.6923
20.5365
20.5689
20.4113
20.4199
20.6952
20.2671
20.3984
20.5941
20.6964
20.3829
20.7819
20.7122
20.4887
20.6231
20.6144
20.5106
20.4873
20.7257
20.264
20.5509
20.2704
20.232
20.362
20.6705
20.7949
20.4871
20.4408
20.5118
20.1099
20.6972
20.4925
20.4597
20.4077
20.5512
20.7102
20.5141
20.6394
20.3497
20.6678
20.678
20.5479
20.498
20.5046
20.2872
20.3835
20.2489
20.4959
20.5265
20.7019
20.5054
20.6314
20.8401
20.6485
20.577
20.3646
20.6133
20.3265
20.2673
18.649
18.0015
18.0294
17.8978
18.1101
17.7777
18.0466
18.0734
17.9981
18.0983
18.0252
17.8744
17.9829
17.7908
17.722
17.8444
18.4587
18.1721
17.9465
17.967
17.9374
18.281
18.2859
17.9749
17.9262
18.3373
18.0424
18.0378
18.156
18.2893
18.0029
17.9056
17.9184
18.4203
18.1537
18.2717
17.9624
17.8859
17.8965
17.8117
18.0247
18.1156
18.0611
18.3264
17.9646
18.0064
17.9092
18.0181
18.2188
18.125
20.7789
21.3711
21.5484
21.3443
21.375
21.3457
21.6725
21.5188
21.3835
21.5573
21.4802
21.5288
21.5803
21.5601
21.378
21.7781
21.7334
21.6543
21.5903
21.4243
21.4657
21.5914
21.5097
21.2921
21.5369
21.4902
21.2173
21.642
21.5337
21.2869
21.6628
21.7337
21.5919
21.5609
21.4584
21.6263
21.4445
21.6402
21.6682
21.5488
21.6658
21.6178
21.6006
21.5021
21.5189
21.6512
21.7558
21.5886
21.6527
21.8908
21.6326
21.4546
21.6568
21.6219
21.5652
21.5294
21.0446
21.0452
21.0811
20.9456
20.7088
20.8135
20.5922
21.0407
21.0371
20.9013
20.9589
21.2086
21.0868
20.802
20.8718
20.6148
20.9409
21.0715
20.6755
20.8027
20.6801
20.8206
20.9947
20.8853
20.548
20.8142
20.548
20.8139
20.8238
21.0783
20.8268
20.8344
20.6841
20.5393
20.7606
20.985
21.0852
21.0598
20.6448
20.9046
20.9147
20.9779
21.079
20.8085
20.5701
20.7325
21.2199
20.9514
20.4707
20.4491
20.3877
20.4448
20.2399
20.6101
20.5114
20.816
20.4944
20.1639
20.5567
20.7142
20.7454
20.42
20.4513
20.9569
20.6773
20.5055
20.5273
20.5693
20.3354
20.312
20.6893
20.5363
20.6504
20.6402
20.5903
20.5851
20.3891
20.7525
20.3361
20.611
20.5634
20.7268
20.7129
20.6027
20.4781
20.7961
20.5181
20.5732
20.506
20.3749
20.6896
20.6221
20.6262
20.6513
20.3002
20.7571
20.4897
20.2961
20.6876
20.5708
20.177
20.5111
20.3592
20.5948
20.5024
20.4896
20.7975
20.6614
20.4655
20.8236
20.3437
20.3536
20.3436
20.5403
20.6423
20.3218
20.5283
20.3117
20.5217
20.3268
20.4415
20.3353
20.5533
20.3545
20.3964
20.3428
20.3704
20.5231
20.3657
20.5363
20.5536
20.5409
20.8209
20.4532
20.5017
20.6115
20.4446
20.5166
20.3143
20.6759
20.1874
20.5542
20.5915
20.2383
20.5375
20.5262
20.5973
20.7402
20.3333
20.414
20.3098
20.6075
20.6546
21.1441
20.7207
20.7854
20.922
20.8934
20.8871
20.7358
20.9332
20.6509
20.4848
20.8792
21.0863
21.1012
20.8058
21.0136
20.6096
20.7624
20.9287
20.7193
20.8927
21.118
20.7704
20.5876
20.9092
20.8193
21.035
20.8773
20.7963
20.8347
20.9948
21.0158
20.8742
20.8613
20.8475
20.7551
20.5737
20.9848
20.9828
20.7556
20.7843
20.8931
20.7068
21.9819
21.9812
22.1049
21.9255
22.0262
21.6319
21.9907
22.2272
22.2996
22.086
22.1324
21.8958
22.0618
22.0084
21.9932
22.1308
21.9387
22.0023
22.2531
22.0171
21.888
22.0882
22.1373
22.3509
22.3956
22.3634
22.1076
22.2853
22.2233
21.8518
21.8985
21.9463
22.011
22.0062
22.1835
22.1393
22.1763
22.1044
21.5244
21.691
21.85
21.8055
21.492
21.6396
21.5292
21.8999
21.4308
21.7635
21.7161
21.7958
22.0659
21.363
21.7954
21.6675
21.6526
21.6279
21.596
21.7567
21.6553
21.8626
21.5862
21.5105
21.6474
21.7123
21.5832
21.6216
21.7251
21.6315
21.5667
21.8751
21.9737
21.8303
21.9004
22.0762
21.9222
21.5433
21.6595
21.8551
21.843
21.7767
21.8639
21.9968
21.9515
21.9546
21.1475
20.8755
20.8735
20.8067
20.8757
20.9771
20.8173
20.8415
20.6778
20.8444
20.9684
20.8231
20.8132
21.0295
20.9323
20.6925
20.9768
20.8482
20.6879
20.7165
20.8217
20.9472
20.9125
20.8737
20.9945
20.6801
20.8423
21.0135
20.7544
20.8227
20.6799
20.6614
20.9274
21.1879
20.9047
20.8969
20.9469
21.1887
21.1921
20.8284
21.0111
20.7166
20.9442
20.7588
20.678
21.0703
20.8348
20.9251
20.8683
20.7023
20.6818
20.9386
21.1559
21.0679
21.0722
20.9411
21.0299
20.966
21.0086
21.0674
20.9815
20.7142
20.8281
21.0404
20.8202
21.1259
21.1503
21.1664
20.9987
20.9897
21.081
21.0238
21.0725
20.7349
20.6723
20.801
20.7555
20.6297
20.4908
20.5868
20.7623
20.888
21.0628
20.8012
20.8084
20.7966
20.8534
20.951
21.2153
20.7689
20.6967
20.8822
20.8686
20.8421
20.896
20.7852
20.7285
21.1281
21.1484
20.5537
20.7724
21.0693
21.1657
21.2478
20.9836
21.1911
20.9054
20.9243
20.8306
20.9967
20.8591
21.0356
21.1296
20.3437
20.1515
20.1878
20.3453
20.3802
20.3681
20.2713
20.1293
20.3009
20.0777
20.3286
20.1251
20.4133
20.4792
20.2067
20.182
19.9512
20.1473
20.0464
20.3237
20.362
20.3681
20.1791
20.2734
20.5377
20.0728
20.277
20.1594
20.1865
20.2574
20.1219
20.1118
20.143
19.9846
20.242
20.3559
20.5492
20.3315
20.2142
19.9778
20.0575
20.1588
20.2598
20.335
20.1573
20.1567
19.9929
20.0784
20.2883
20.0306
20.1859
20.4108
20.0813
20.1677
18.2105
18.0144
17.7043
17.7234
17.7733
18.0039
17.9911
17.7368
17.8904
18.0772
17.7194
17.8172
17.8421
17.6966
17.7315
17.4362
17.924
17.7008
17.9515
17.623
17.7558
17.8813
17.8233
17.756
17.8113
17.4678
17.2948
17.5904
17.7251
17.8216
17.5268
17.584
17.8594
17.7521
17.6311
17.809
17.6308
17.7513
17.9762
17.6256
17.5723
18.0575
17.8249
17.5922
21.7963
22.7944
22.9966
23.197
23.2373
23.5621
23.0031
23.3329
22.8957
23.0866
23.3078
23.278
23.2366
23.1501
23.2245
23.1549
23.2306
23.4109
23.1578
23.2526
22.8007
22.7787
23.2215
22.9792
23.253
23.0785
23.0029
22.9808
23.0186
23.066
22.9954
23.129
22.7111
23.0303
22.9577
23.2045
20.6339
20.464
20.2251
20.4014
20.3216
20.4696
20.3086
20.1785
20.2421
20.1224
20.2548
20.2229
20.2586
20.0979
20.1901
20.2699
20.1185
20.3656
20.362
20.3781
20.433
20.4376
20.3999
20.4846
20.624
20.1666
20.2349
20.3932
20.4098
20.4464
20.2317
20.3849
20.2348
20.3221
20.3533
20.2817
20.331
20.2927
20.3431
20.2007
20.2359
20.2795
20.569
20.4253
20.4847
20.3436
20.5815
20.3043
20.0877
20.1295
20.06
20.3663
20.2882
20.4979
20.3245
20.306
20.3477
20.2246
20.3548
20.3884
20.4179
20.1505
19.6264
19.4847
19.4861
19.6794
19.422
19.1837
19.5138
19.5417
19.3344
19.4433
19.3558
19.4105
19.7663
19.5513
19.6459
19.5331
19.1091
19.3777
19.4572
19.512
19.3347
19.4879
19.2635
19.2681
19.3685
19.294
19.6101
19.5731
19.1645
18.9909
19.2564
19.4401
19.8025
19.5115
19.3875
19.678
19.4414
19.2197
19.3731
19.5341
19.182
19.205
19.0216
19.1372
19.2455
19.2892
19.1843
19.2925
19.4005
19.3496
19.3337
19.3395
19.1949
17.9819
17.2986
17.4647
17.5227
17.366
17.4879
17.4445
17.6658
17.7796
17.6232
17.4863
17.8537
17.8461
17.7636
17.4446
17.4997
17.5764
17.746
17.6757
17.6467
17.1902
17.6514
17.529
17.7212
17.7355
17.7337
17.5862
17.7271
17.4009
17.6698
17.373
17.5547
17.3567
17.5447
17.6749
17.7742
17.788
17.7401
17.8675
17.7971
17.4367
17.6764
17.8337
17.572
17.3469
17.4107
17.5813
17.5281
17.6911
17.3578
17.5803
17.7357
17.6562
17.5131
17.6604
17.6069
19.6824
20.2462
20.4461
20.3758
20.1176
20.3399
20.4854
20.1958
20.1471
20.1906
20.5105
20.5158
20.4786
20.1602
19.9972
20.3443
20.3986
20.0673
20.4045
20.4707
20.5118
20.4044
20.1973
20.3566
20.5287
20.3851
19.9517
20.4678
20.7042
20.5697
20.2453
20.5039
20.4964
20.2332
20.17
20.2105
20.3249
20.3633
20.4403
20.6541
20.4565
20.0628
20.5998
20.8124
20.5014
20.2898
20.4433
19.8182
20.2124
20.3619
20.4478
19.9741
19.6548
19.658
19.6842
19.4054
19.6327
19.612
19.9038
19.6097
19.8458
19.8271
19.7669
19.3434
19.5249
19.5548
19.5653
19.7797
19.5346
19.5578
19.503
19.3984
19.8715
19.5652
19.5697
19.6521
19.5702
19.5728
19.4448
19.634
19.8548
19.7449
19.5027
19.8304
19.714
19.7566
19.692
19.7138
19.6225
19.7513
19.5136
19.8185
19.7464
19.6315
19.5009
19.56
19.6282
19.3139
19.4321
19.6803
19.6709
19.7657
19.7358
19.7255
19.4006
19.776
19.7785
19.6182
19.4853
19.5094
19.8659
19.6595
19.4767
19.7127
19.494
19.5583
19.6504
19.8318
19.5922
19.624
19.6417
20.0473
19.7873
19.7277
19.6718
19.8556
19.5559
19.5105
19.7678
19.8292
19.9424
19.6406
19.8041
19.6044
19.7959
19.8123
19.9315
19.9207
19.5093
19.5913
19.8062
19.4506
19.8281
20.0612
19.648
19.5726
19.851
19.4133
19.7315
19.7018
19.9279
19.7872
19.5
19.384
19.6015
19.2334
19.5333
19.4562
19.2918
19.6802
19.5709
19.5948
19.526
19.4475
19.4615
19.3969
19.4559
19.6094
19.3988
19.3458
19.6337
19.4688
19.4437
19.4711
19.5294
19.3272
19.619
19.1621
19.4756
19.1526
19.3579
19.5293
19.6047
19.643
19.6284
19.6354
19.4268
19.4451
19.5773
19.3114
19.2742
19.4684
19.5189
19.3569
19.5063
19.4553
19.591
19.4413
19.2937
19.4651
19.5776
19.275
19.5397
19.5691
19.4392
19.1682
19.3914
19.3419
19.6353
21.0068
21.3225
21.3871
21.6003
21.54
21.4888
21.5014
21.7234
21.6494
21.8144
21.6755
21.7862
21.7445
21.6079
21.5257
21.3938
21.3531
21.6853
21.7982
21.7032
21.6904
21.9359
21.5094
21.5737
21.5577
21.7284
21.4499
21.4389
21.4882
21.3562
21.5367
21.3982
21.3994
19.9111
19.3287
19.2792
18.9864
19.1563
19.3851
19.3702
19.5058
19.4955
19.2843
19.1373
19.4339
19.3883
19.3784
19.5357
19.4281
19.0517
19.3244
19.3343
19.0689
19.1361
19.3922
19.4836
19.1263
19.631
19.4431
19.284
19.4167
19.269
19.1596
19.5173
19.3289
19.1725
19.2827
19.5168
19.5636
19.3854
19.2922
19.2946
19.275
19.256
19.1105
19.455
19.4259
19.5244
19.177
19.1782
18.9669
19.1033
19.2119
19.0342
19.1595
19.349
19.3361
19.1905
19.3992
19.2869
19.1115
21.0922
21.6861
21.665
21.7028
21.5969
21.7352
21.7637
21.7665
21.4766
21.6169
21.5183
21.617
21.4436
21.5108
21.4832
21.6948
21.6643
21.4261
21.4591
21.4657
21.4245
21.3884
21.7137
21.5636
21.4715
21.7818
21.7958
21.3778
21.3185
21.7711
21.4564
21.3892
21.4532
21.3226
21.4857
21.3094
21.4651
21.5975
21.6327
21.4903
21.5381
21.8237
21.52
21.5473
21.519
21.3097
21.5686
21.8808
21.6691
21.7552
21.356
21.7835
21.7352
21.7646
21.6417
22.0062
21.6322
21.7577
21.423
22.0117
21.7874
21.7507
21.7817
21.7904
21.9473
21.858
21.3091
21.6582
21.6485
21.7394
21.6372
21.9843
21.9271
21.6467
21.8262
21.8321
21.8793
21.9302
21.5275
21.8206
21.7189
21.8809
21.819
21.6934
21.8637
21.9109
21.5918
21.8776
21.8737
21.8705
21.6594
21.8801
21.5517
21.9291
22.0415
21.6488
21.5874
21.7283
21.6495
21.7967
21.7133
21.8066
21.9422
21.5934
21.5733
21.9684
20.5739
20.365
20.4163
20.2789
20.3645
20.387
20.5994
20.6186
20.3224
20.4083
20.2272
20.5135
20.0058
20.5732
20.2867
20.422
20.2337
20.3139
19.9435
20.3474
20.4713
20.33
20.5354
20.1696
20.3725
20.6261
20.5699
20.3368
20.341
20.0116
20.6537
20.6852
20.5646
20.1296
20.4671
20.3124
20.1483
20.3644
20.0638
20.1127
20.138
20.0168
20.1671
20.2764
20.4078
20.0991
19.4322
19.5892
19.426
19.469
19.2908
19.2765
19.2816
19.658
19.3718
19.4425
19.3088
19.2786
19.1429
19.3699
19.5382
19.2662
19.2442
19.4432
18.989
18.9357
19.3465
19.4496
19.0386
19.4601
19.2207
19.3227
19.3158
19.1854
19.2226
19.4512
19.3439
19.1782
19.2903
19.2604
19.4712
19.1902
19.4715
19.4419
19.4913
19.1701
19.2126
19.0946
19.2479
19.5147
19.0512
19.3435
19.3557
19.1484
19.5029
19.3621
19.2816
19.1852
19.236
19.4401
22.1156
22.7706
22.9824
23.0697
23.0036
22.9354
23.0285
23.3242
23.015
23.1954
22.7208
23.5135
23.11
23.1961
23.0588
23.1592
23.184
23.0222
22.9691
23.1731
23.0265
23.1599
23.085
23.1727
22.9893
23.0499
23.0717
23.1164
23.2741
23.1349
23.0342
23.1346
22.967
23.4422
23.0175
23.3939
22.809
23.1607
23.0502
23.199
21.5174
21.1589
21.0128
20.9442
20.6996
21.0287
21.0404
20.8244
20.7924
20.629
20.6807
20.8294
20.8408
20.9204
20.9236
20.7606
20.563
20.7083
21.1308
20.9301
20.8635
20.849
20.8641
20.6871
20.8591
20.6635
21.0736
20.9963
20.9473
20.6971
20.7911
21.1314
21.1495
20.9672
19.8395
19.6198
19.5811
19.6003
19.6588
19.5616
19.6086
19.5254
19.8892
19.665
19.4612
19.5986
19.589
19.6516
19.7548
19.7844
19.6993
19.8911
19.6595
19.5727
19.6247
19.551
19.6206
19.5515
19.4967
19.7523
19.588
19.9661
19.7722
19.5261
19.7479
19.8588
19.7177
19.5165
19.353
19.6444
19.7208
19.4035
19.6282
19.3707
19.6008
19.7199
19.5214
19.5916
19.7318
19.5936
19.5338
19.6305
19.6927
19.6436
19.8918
18.3307
17.6654
17.9394
17.797
17.8883
17.8032
18.011
17.6171
17.5795
17.6609
17.7456
17.7906
17.7844
18.0063
17.7028
17.5732
17.7323
17.6611
17.7881
17.7968
17.8508
17.6823
17.8991
17.6996
17.7843
17.4629
17.5079
17.7298
17.6564
17.7047
17.708
17.7461
17.7801
17.7319
17.5745
17.9078
18.0192
17.7727
17.7579
17.7252
17.5373
17.7145
17.6054
17.8222
17.8882
17.9377
17.4298
17.3611
17.9072
17.8587
17.7136
17.8681
17.5663
17.9208
17.6563
17.8089
17.9309
22.3636
23.075
23.6787
23.8074
23.7371
23.672
23.3922
23.8121
23.613
23.7013
23.5658
23.7507
23.7125
23.8975
23.6084
23.6278
23.6164
23.7719
23.6549
23.5209
23.6531
23.8699
23.4944
23.4438
23.641
23.5039
23.6009
23.5468
23.7352
23.5504
23.6125
23.6659
23.749
23.6049
23.6391
23.3575
23.4293
23.6195
23.9626
23.5495
23.8786
23.7931
23.7286
23.8025
23.6622
23.7164
23.5841
23.6115
23.6303
23.7131
23.9433
23.7803
23.633
23.6393
23.7327
19.3905
17.9848
17.8861
18.0505
17.7487
18.0968
18.0545
18.1089
18.2532
18.1417
18.238
17.8382
17.9745
17.9403
18.1112
18.1594
17.7767
17.6014
17.9943
18.0156
18.0116
18.1786
17.7856
18.104
17.8871
18.282
17.8839
17.8003
18.2095
18.069
18.1184
18.2381
17.7633
18.4707
18.1549
18.1768
17.9506
18.0536
17.7844
17.8183
18.0746
18.1049
18.1498
17.9404
18.3014
18.2893
18.3025
18.126
18.1694
18.1857
18.1153
18.3558
18.2654
18.1322
18.098
18.0618
19.7264
20.2769
20.3476
20.2679
20.1105
20.0729
20.151
20.1198
20.2724
20.2152
20.3273
20.4047
20.1789
20.2553
20.1966
20.0605
19.8352
20.081
20.2431
20.1758
20.3206
20.158
20.1848
20.3178
20.2133
20.1862
20.3321
20.4808
20.3282
20.05
20.1414
20.1807
20.167
19.9987
20.0332
20.2263
20.139
20.1273
20.1104
20.0655
20.1553
20.0906
20.1961
20.3071
20.1716
19.959
20.4508
20.5068
20.7892
20.6259
20.3552
20.3795
20.8251
20.616
20.4006
20.514
20.5574
20.5143
20.6116
20.4247
20.3285
20.5443
20.6291
20.5622
20.3725
20.4735
20.3176
20.6108
20.4883
20.5532
20.8237
20.5473
20.3144
20.5969
20.6544
20.3787
20.5106
20.4917
20.4338
20.5498
20.6593
20.5424
20.344
20.3424
20.436
20.4857
20.5215
20.5311
20.3656
20.2867
20.5635
20.274
20.5006
20.883
20.483
20.4789
21.2034
21.4757
21.5279
21.6916
21.5496
21.5549
21.5014
21.3842
21.6086
21.4085
21.5963
21.5395
21.6107
21.5105
21.2094
21.3346
21.3858
21.4049
21.5952
21.6517
21.4761
21.7051
21.5691
21.4416
21.4289
21.3833
21.4207
21.6716
21.6441
21.4911
21.4014
21.534
21.6956
21.6928
21.4246
21.4604
21.6449
21.662
21.9146
21.9734
22.0702
21.7893
21.8587
21.8096
21.889
21.7358
21.672
21.6712
22.0389
21.9065
21.4898
21.6335
21.999
21.73
21.7982
21.7312
21.7739
21.903
21.9219
21.8631
21.7915
21.4973
21.9593
21.9152
21.6833
21.8425
21.9003
21.8034
21.6051
21.6586
21.9793
21.7762
22.0744
21.8631
21.6744
21.6889
21.7276
21.5216
21.6135
21.9277
22.0254
22.1271
21.5939
21.4089
21.5668
21.7292
21.4947
21.6803
21.648
21.4971
21.9405
21.9041
21.7013
21.5975
21.8659
22.0088
22.0444
21.9118
21.9966
21.8388
21.8112
22.0147
21.6962
22.1136
21.8654
21.8117
21.8609
21.5079
21.636
21.6988
21.6333
21.9504
21.8232
21.7223
21.7794
21.7341
21.8595
21.6792
21.8393
21.7177
21.657
21.8079
21.5008
21.6278
21.8362
21.9184
21.6109
21.827
21.9057
21.8211
21.8512
22.0179
21.8699
21.9483
21.9179
21.7634
21.734
21.8576
21.8614
21.6706
21.9714
21.8233
21.8563
21.911
21.5765
21.8872
21.957
21.943
21.7301
21.8227
21.7986
21.1967
20.9124
20.6993
21.0359
21.012
20.9485
20.6614
21.0171
21.0181
21.2777
20.9686
21.2627
20.7366
20.8031
20.7042
20.7978
20.6716
20.8928
20.9033
20.5649
20.582
20.9557
20.9668
20.9076
20.9628
20.7575
21.0555
20.9298
20.6923
20.781
20.9765
21.0664
20.9504
20.622
20.675
20.7375
20.8345
20.8311
20.8912
20.9888
21.0878
20.9991
21.1396
20.5217
20.8177
20.6975
20.991
20.9375
21.246
21.09
20.804
20.7289
20.8938
20.9472
20.9091
20.7027
18.1194
17.7728
17.585
17.4446
17.5001
17.5438
17.7171
17.8378
17.4211
17.4714
17.6209
17.7266
17.8401
17.5595
17.7897
17.8921
17.7946
17.4041
17.5608
17.599
17.6944
17.4014
17.3351
17.3118
17.6563
17.4087
17.5577
17.3035
17.5379
17.3367
17.4479
17.4251
17.3944
17.453
17.5297
17.7208
17.8268
17.5782
17.7929
17.8588
17.5611
17.6325
17.897
17.6322
17.4358
17.4129
17.8082
19.6579
20.4128
20.3045
20.0775
20.7216
20.7156
20.8721
20.5279
20.9703
20.4934
20.6837
20.6985
20.5162
20.6171
20.6113
20.6614
20.7803
20.5771
20.5868
20.2294
20.2824
20.5509
20.6168
20.6014
20.3242
20.5789
20.6201
20.7592
20.7579
20.6122
20.5234
20.36
20.3821
20.5625
20.5942
20.5961
20.8213
20.2269
20.2833
20.4321
20.6547
20.6259
20.4816
20.6436
20.5648
20.5892
20.3523
20.384
20.4995
20.3106
20.6392
20.393
20.4324
20.5763
20.6756
20.3509
20.3901
20.3619
20.4402
20.3347
20.478
20.3069
20.3043
20.2636
20.4639
20.3355
20.2482
20.6575
20.9761
20.81
20.8952
20.7886
21.0859
20.7947
21.1027
20.9361
21.003
21.0269
21.2863
21.2057
21.2843
21.0757
21.0198
20.9839
20.7719
21.1087
20.8434
20.7035
20.9523
20.7811
20.7177
21.0963
20.9505
20.8941
20.7793
20.891
20.9275
20.9206
20.7617
20.8554
20.7979
20.7141
21.1527
20.8209
20.955
20.8995
20.7778
20.9132
21.0517
21.1036
20.6637
20.5781
18.6054
17.9473
17.9865
17.9672
18.1198
17.9886
17.9688
17.93
17.8797
18.0122
18.0793
18.0281
18.3113
18.3773
18.2164
17.9193
17.7967
17.8143
18.0247
18.0426
18.1116
18.3151
18.0455
18.1521
17.9774
18.0973
18.2104
18.1584
18.3559
18.2242
18.0322
18.3552
18.0354
18.0103
17.9023
18.2438
18.2357
18.0972
17.8808
17.9769
18.024
17.832
18.1947
18.3334
18.2213
18.0602
18.1721
18.0758
18.1091
17.9095
17.7168
17.9241
17.7458
17.9687
18.0916
18.2069
17.9441
18.1099
18.0557
17.8304
17.9703
18.1953
22.4121
23.2939
23.426
23.3968
24.1223
23.7251
23.6137
23.5611
23.5591
23.5794
23.7038
23.6471
23.8322
23.681
23.5512
23.389
23.4628
23.7884
23.4138
23.7769
23.723
23.5689
23.7246
23.6274
23.8513
23.7369
23.7184
23.5923
23.6822
23.7185
23.6494
23.6177
23.3926
23.5408
23.5647
23.5925
23.932
23.5208
23.8638
23.9915
23.8164
23.6271
23.5795
23.6045
23.7478
23.6101
23.4777
23.3975
23.4402
23.4257
23.4612
23.5014
23.8526
23.6849
23.2603
23.5833
23.5781
23.5541
23.6461
19.4326
18.4225
18.2986
17.9846
18.0955
18.0768
18.2064
17.9929
18.0994
17.9879
18.1732
18.0876
17.9013
18.0615
17.7986
18.0112
18.284
17.9675
18.0578
17.8321
17.92
18.1496
18.2326
18.0926
18.3262
17.9121
18.1353
17.9904
18.0977
18.0763
18.0721
18.1789
18.0704
18.1085
18.1275
18.3444
18.0667
17.8826
18.2236
18.065
17.9878
18.2054
18.0697
20.7253
21.5776
21.5358
21.3632
21.7387
21.8348
21.4441
21.8001
21.6849
21.4518
21.6664
21.6493
21.5921
21.705
21.543
21.46
21.4799
21.5351
21.4126
21.6898
21.2763
21.5113
21.5169
21.8035
21.77
21.5472
21.6916
21.7665
21.7658
21.1161
21.3032
21.3315
21.205
21.5231
21.6381
21.5594
21.5389
21.4062
21.7686
21.6553
21.5415
21.4617
23.0796
23.7326
23.4935
23.6073
23.7177
23.636
23.8045
23.8201
23.7006
23.7178
23.8678
23.6939
23.7231
23.6085
23.4662
23.3959
23.4876
23.5758
23.6938
23.6744
23.9358
23.8053
23.8623
23.6123
23.4647
23.761
23.4315
23.37
23.6443
23.8539
23.7244
23.4045
23.5144
23.4296
23.6029
23.8354
23.4263
23.5216
23.638
23.8162
23.8141
23.5869
23.6124
23.8924
23.6134
23.7115
23.9831
23.6312
23.5685
23.6751
23.662
23.3806
23.5752
23.664
23.7768
23.6868
23.7133
23.6837
23.6477
23.6867
23.8109
20.8704
20.5311
20.0295
20.3074
20.2984
20.2141
20.092
20.0998
20.1989
20.1146
20.3916
20.0525
20.1954
20.1212
20.4659
20.208
20.2524
20.1921
20.1181
20.3437
20.2845
20.3206
20.012
20.3154
20.0929
20.191
20.0796
20.3464
20.1466
19.8994
20.0525
20.2288
20.3331
20.2515
20.501
20.2047
20.1858
20.1014
19.9556
20.2499
20.2136
20.3101
20.0728
20.1196
20.0155
19.995
20.3092
20.3945
20.1584
19.4243
19.2541
19.2663
19.3653
19.141
19.1055
19.4199
19.3552
19.3091
19.1099
19.3179
19.3516
19.569
19.3869
19.4329
19.6348
19.3759
19.6641
19.6016
19.3634
19.0547
19.0793
19.3562
19.3418
19.3209
19.4138
19.4051
19.6297
19.4903
19.3521
19.4134
19.3395
19.4049
18.7871
18.9726
18.9844
19.5633
19.0732
19.4886
19.2843
19.2512
19.4058
19.22
19.3409
19.2463
19.3208
19.2149
19.2083
19.5689
19.8285
19.5239
19.4865
19.5163
19.4613
19.4827
19.6866
19.7153
19.5095
19.4365
19.6111
19.8205
19.5664
19.6956
19.786
19.5605
19.8382
19.8048
19.8234
19.5165
19.6171
19.7731
19.2828
19.6461
20
20.0758
19.7358
19.6921
19.4997
19.4884
19.6279
19.7693
19.4683
19.6822
19.3512
19.2787
19.447
19.5854
19.6485
19.3805
19.685
19.604
19.4162
19.3542
19.5814
19.6552
19.6485
19.5882
19.7467
20.0881
19.5557
19.7508
19.7327
19.8632
19.7678
19.5497
19.4106
19.4442
19.7347
19.6189
20.0318
19.7417
19.7532
19.4297
19.852
19.9146
18.1211
17.983
17.6955
17.6804
18.0146
17.9146
17.6144
17.6197
17.8454
17.896
17.7075
17.9336
17.9653
17.8696
17.735
17.5114
17.8294
17.5053
17.6849
17.8448
17.7542
17.6835
17.5597
17.849
17.8748
17.6805
17.8077
17.7483
17.717
17.9182
17.643
17.6198
17.7485
17.8595
18.8057
19.004
19.4905
19.3941
19.1803
19.259
19.4261
19.373
19.681
19.3539
19.2789
19.2265
19.3176
19.3143
19.09
19.0929
19.3557
19.2467
19.5197
19.5007
19.1735
19.436
19.5794
19.3397
19.3741
19.6106
19.2479
19.4139
19.1608
19.3736
19.2194
19.1914
19.3725
19.2121
19.3283
19.7656
19.3512
19.4665
19.6715
19.5802
19.4926
19.3924
19.668
19.8621
19.2354
19.4989
19.3886
19.6303
19.3059
19.3104
19.5558
19.3926
19.4367
19.4688
19.6132
22.4964
23.4618
23.7337
23.8646
23.8123
23.7655
23.8014
23.8563
23.7557
23.8795
23.4473
23.5321
23.6108
23.7054
23.7895
23.5741
23.4722
23.6582
23.6854
23.6733
23.8224
23.5488
23.6052
