20
19.8808294660866
19.8449265440504
19.8021065622761
19.7673730167873
19.7174321440971
19.6627270128812
19.6300441625447
19.5986168395118
19.6061080861876
19.5886410766256
19.556446749394
19.5339915321778
19.5131200074116
19.4987714849681
19.4884758279083
19.4736476300167
19.4642876641433
19.463923563868
19.4646171039528
19.4713351147935
19.4698330201937
19.4686001095646
19.4696819031424
19.4578569944882
19.4506578024408
19.4538545666905
19.4540327663749
19.4545047105089
19.4520125835248
19.4528170786158
19.455484986224
19.4461037101557
19.4371160950859
19.4284500061433
19.426523985967
19.4210595130604
19.4185393408177
19.4153076629585
19.4138769070343
19.415853651626
19.4179720457923
19.4172728834913
19.418060228219
19.420055439117
19.4164493462711
19.4178181547809
19.4222838035217
19.4249558609886
19.4492135194347
19.4740227231005
19.9199010871102
19.9650758728755
20.0353401076259
20.1017633478008
20.1713912165485
20.1962450886878
20.2075756834569
20.2314358513343
20.2475130397186
20.2690938692619
20.2874572105077
20.3091584424136
20.2937510325018
20.2952790284885
20.2924721485449
20.3068528345976
20.3209155423263
20.3327410610451
20.3429697484349
20.3522404463338
20.3672254373092
20.3685269047287
20.3827861060236
20.389310507287
20.3840962966371
20.389100838631
20.4006298976891
20.418582534731
20.4289099966575
20.4342228748424
20.4369070887335
20.4392387390096
20.4446385838979
20.447215048745
20.4435952116806
20.4437235347909
20.4438907982652
20.4509586886709
20.451898837746
20.458138314221
20.464006617169
20.4686612715901
20.4645040060066
20.4605217539237
20.461229941166
20.4633104040807
20.4599658818527
20.4528908599326
20.4543252524735
