20
19.6424883982598
19.6381619361176
19.6042131245522
19.5812714302171
19.5290535734952
19.4699995916705
19.445066243817
19.4202243237393
19.4485513206627
19.4390560135803
19.4085956658587
19.3906043113094
19.3740114381006
19.3651105476262
19.3605947848854
19.34980001355
19.3452404783974
19.3510653667876
19.3575405247433
19.3706370414208
19.3734390238653
19.3761827373149
19.3812955536661
19.3711141136063
19.3661436182009
19.3729441321261
19.3760374472856
19.3792639809239
19.3789475946614
19.3822128306953
19.387420609502
19.3789647659322
19.3708944592137
19.3631300068454
19.3628044288522
19.3584713523102
19.3573329556406
19.3553392181337
19.3552645977378
19.3588637639798
19.3625408120583
19.3630657098626
19.3651566126025
19.368504811483
19.3657058111642
19.3682707636984
19.3741407871485
19.3780134822938
19.4051506009895
19.4327696033437
20.3501345962423
20.2705421989721
20.3326699713577
20.3911839857745
20.4586300219257
20.4521800079283
20.4334230969596
20.4409824220878
20.4409220752259
20.4517943330359
20.4602261198461
20.4747636866091
20.4418766702478
20.4332608338203
20.4205066655363
20.4304803657902
20.4405797382085
20.4483851390935
20.4546807039313
20.4602199936352
20.472917385401
20.4696513038017
20.4819936531882
20.4854718068636
20.4755768705267
20.477832858447
20.4877835551501
20.505188224003
20.5139537603583
20.5171402301777
20.5174960408504
20.5176007426574
20.5212805080276
20.5219059121471
20.5157383547496
20.5138769597868
20.5121662672855
20.5181814232861
20.5174943380453
20.5227178746604
20.527583583739
20.5311678012818
20.5251701730931
20.5194471215689
20.5189088061739
20.5199162905375
20.5150827475571
20.5062698724414
20.5067319906487
