20
19.8808294660866
19.8449265440504
19.8021065622761
19.7673730167873
19.7174321440971
19.6627270128812
19.6300441625447
19.5986168395118
19.6061080861876
19.5886410766256
19.556446749394
19.5339915321778
19.5131200074116
19.4987714849681
19.4884758279083
19.4736476300167
19.4642876641433
19.463923563868
19.4646171039528
19.4713351147935
19.4698330201937
19.4686001095646
19.4696819031424
19.4578569944882
19.4506578024408
19.4538545666905
19.4540327663749
19.4545047105089
19.4520125835248
19.4528170786158
19.455484986224
19.4461037101557
19.4371160950859
19.4284500061433
19.426523985967
19.4210595130604
19.4185393408177
19.4153076629585
19.4138769070343
19.415853651626
19.4179720457923
19.4172728834913
19.418060228219
19.420055439117
19.4164493462711
19.4178181547809
19.4222838035217
19.4249558609886
20.0920414682563
20.2123211770562
20.2320088083685
20.2268764325352
20.2524374418233
20.2838663005435
20.3242797429059
20.3322505924922
20.3313760570042
20.3429847456457
20.349481715958
20.3619918995435
20.372730257685
20.3872828500915
20.3693854618715
20.3669789367911
20.3610250973991
20.3709824052264
20.3810340266035
20.3893691485842
20.3965144174813
20.4030125744247
20.4150071168799
20.4145091337848
20.4261993477816
20.4308416809022
20.4246241556614
20.4280494181862
20.4376994864058
20.4535058039536
20.4622453175065
20.4663370546575
20.4680082251
20.4693987059835
20.4737483032628
20.4754682018835
20.4713358409408
20.4707975622539
20.4703274174861
20.4764732078911
20.4768045832468
20.4822313488859
20.4873373190561
20.4913119732536
20.486862132762
20.4825920082273
20.4828396733365
20.4844245466743
20.4808078527834
20.4736089062875
20.4746144473477
